[[[160 156 162]
  [160 156 162]
  [160 156 162]
  ...
  [190 187 183]
  [189 186 181]
  [187 185 179]]

 [[160 156 162]
  [160 156 162]
  [160 156 162]
  ...
  [190 187 183]
  [189 186 182]
  [188 185 181]]

 [[160 156 162]
  [160 156 162]
  [160 156 162]
  ...
  [190 187 183]
  [189 186 182]
  [188 185 181]]

 ...

 [[117 112 141]
  [117 112 140]
  [120 115 143]
  ...
  [ 97 124 120]
  [100 127 123]
  [102 130 125]]

 [[129 118 152]
  [128 117 150]
  [130 119 152]
  ...
  [ 98 126 121]
  [102 130 125]
  [100 128 123]]

 [[135 121 156]
  [133 119 153]
  [134 121 154]
  ...
  [ 97 125 120]
  [102 130 125]
  [ 97 125 120]]]Time= 1701109859.3179984